# logA ns ombh2 omch2 tau theta_MC_100
1.724540942523287252e-06 4.698427777604076742e-07 -1.949455384327734542e-08 4.135795253199730344e-08 6.594373308602707852e-07 -1.109107597547183094e-08
4.698427777604076742e-07 4.460888219843860460e-06 2.779211126103744302e-08 -4.211815408780841607e-07 6.015289424004205725e-07 -5.673651495892312697e-09
-1.949455384327734542e-08 2.779211126103744302e-08 6.191223656318365315e-09 -2.671467234483396453e-08 -8.405171925008502210e-09 3.185475577929323532e-09
4.135795253199730344e-08 -4.211815408780841607e-07 -2.671467234483396453e-08 3.243516023197354067e-07 -2.425914587677287980e-07 -9.861470531337791294e-09
6.594373308602707852e-07 6.015289424004205725e-07 -8.405171925008502210e-09 -2.425914587677287980e-07 8.040575227329350937e-07 -6.591876985953612997e-09
-1.109107597547183094e-08 -5.673651495892312697e-09 3.185475577929323532e-09 -9.861470531337791294e-09 -6.591876985953612997e-09 2.447487154719958372e-08
