# logA ns ombh2 omch2 tau theta_MC_100
1.041309558729638511e-04 3.444864129487905000e-05 1.123829240743109120e-08 1.206651158079870514e-05 1.656748903569098694e-05 2.427119656098918374e-06
3.444864129487905000e-05 1.298081251345449528e-04 2.392952354533306303e-06 -1.211017540461274431e-05 9.460330123153481502e-06 3.201905375447656397e-06
1.123829240743109120e-08 2.392952354533306303e-06 1.461459942465252818e-07 -6.756794851899099325e-07 2.573826849318170156e-07 1.685173069072268385e-07
1.206651158079870514e-05 -1.211017540461274431e-05 -6.756794851899099325e-07 7.126392078486419182e-06 -3.391966074328983207e-06 -3.055128790796738268e-07
1.656748903569098694e-05 9.460330123153481502e-06 2.573826849318170156e-07 -3.391966074328983207e-06 1.473764702569030554e-05 6.367388684347840691e-07
2.427119656098918374e-06 3.201905375447656397e-06 1.685173069072268385e-07 -3.055128790796738268e-07 6.367388684347840691e-07 8.069039220375794558e-07
