# logA ns ombh2 omch2 tau theta_MC_100
4.243580188373795679e-06 8.363991571057160227e-07 -6.901548620853560964e-08 2.820767141727833790e-07 1.668286185735258211e-06 -1.657067741758090371e-07
8.363991571057160227e-07 4.536779735754507504e-06 -6.107132316214716649e-09 -1.545717221775751238e-07 5.193288579975112241e-07 -3.961044483163266197e-08
-6.901548620853560964e-08 -6.107132316214716649e-09 7.001165726266666233e-09 -3.216423049194286879e-08 -1.601617460792239711e-08 5.129063311876465970e-09
2.820767141727833790e-07 -1.545717221775751238e-07 -3.216423049194286879e-08 2.298582932260453500e-07 -4.983210988786876710e-08 -2.144968335716190939e-08
1.668286185735258211e-06 5.193288579975112241e-07 -1.601617460792239711e-08 -4.983210988786876710e-08 1.094811792129120733e-06 -9.682991224368106820e-08
-1.657067741758090371e-07 -3.961044483163266197e-08 5.129063311876465970e-09 -2.144968335716190939e-08 -9.682991224368106820e-08 2.448366837464879316e-08
